26 31 27 3 1 10 6 7 10 1 0 0 2 6 9
8 1 0 6 0 0 0 0 0 1 11 0 0 0 2
6 19 6 7 0 1 1 2 4 1 18 1 2 0 3
7 0 0 2 0 0 0 0 0 0 0 0 0 0 0
6 8 1 10 0 0 1 1 1 0 5 1 0 0 1
39 37 33 3 1 8 3 7 3 3 0 0 1 1 2
0 1 0 0 0 0 0 0 0 0 0 0 0 0 0
3 1 0 2 0 0 0 0 0 0 4 0 0 0 4
11 29 29 3 1 17 3 11 1 1 0 0 1 3 17
3 10 2 0 0 0 1 3 2 0 0 0 0 0 0
10 3 7 10 0 0 1 0 0 0 0 0 0 0 0
0 3 1 6 0 4 0 1 0 0 3 20 0 4 9
2 5 3 9 1 0 0 2 0 0 5 1 1 0 3
1 9 9 7 1 0 5 2 0 0 36 3 0 0 5
43 50 39 3 2 5 2 12 4 3 0 0 2 3 2
41 1 0 6 0 0 0 0 0 0 2 0 0 0 2
