55 1 4 4 3 37 3 1 24 0 3 1 3 7 56 2
8 1 7 1 2 25 0 0 6 0 40 13 3 9 27 11
35 1 27 1 3 31 0 1 28 0 5 1 1 11 56 4
1 4 4 4 11 2 6 3 2 0 8 5 5 5 1 5
2 0 0 0 0 2 0 0 2 0 0 0 0 0 1 0
4 1 4 1 3 1 0 2 3 0 4 3 3 4 18 5
3 0 0 0 0 7 0 0 10 0 2 0 0 0 1 0
12 0 0 0 0 23 0 0 13 0 2 0 0 6 0 0
5 0 0 0 0 11 0 0 14 0 1 2 0 2 2 0
3 0 0 0 0 8 0 0 6 0 0 0 0 1 0 0
0 1 9 1 3 12 0 2 4 7 3 6 6 3 2 10
0 2 4 1 1 2 0 2 2 0 6 0 3 13 2 4
0 0 0 0 0 0 0 0 0 0 1 0 0 1 0 0
0 2 1 2 1 0 0 3 1 0 1 0 1 1 1 3
1 3 9 1 3 3 1 5 3 2 3 3 4 6 3 6
